(0, 0.0)
(0, 0.0)
(0.0, 0.0)
(0.0, 0.0)
(0, 0.0)
(0, 0.0)
(0, 0.0)
(0, 0.0)
(0, 0.0)
(0, 0.0)
(0, 0.0)
(0, 0.0)
(0, 0.0)
(0, 0.0)
(0, 0.0)
(0, 0.0)
(0, 0.0)
(0, 0.0)
(0, 0.0)
(0, 0.0)
(0, 0.0)
(0, 0.0)
(0, 0.0)
(0, 0.0)
(0, 0.0)
(1.0, 0.02702702702702703)
(1.0, 0.05263157894736842)
(0.0, 0.05128205128205128)
(0, 0.05)
(0, 0.04878048780487805)
(0, 0.047619047619047616)
(0, 0.046511627906976744)
(1.0, 0.06818181818181818)
(1.0, 0.08888888888888889)
(0.0, 0.08695652173913043)
(0, 0.0851063829787234)
(0.0, 0.08333333333333333)
(0.0, 0.08163265306122448)
(1.0, 0.1)
(0.0, 0.09803921568627451)
(0.0, 0.09615384615384616)
(0.0, 0.09433962264150944)
(0.0, 0.09259259259259259)
(0.0, 0.09090909090909091)
(0.0, 0.08928571428571429)
(0.0, 0.08771929824561403)
(0.0, 0.08620689655172414)
(0.0, 0.0847457627118644)
(0.0, 0.08333333333333333)
(0.0, 0.08196721311475409)
(0.0, 0.08064516129032258)
(0.0, 0.07936507936507936)
(0.0, 0.078125)
(0.0, 0.07692307692307693)
(0.0, 0.07575757575757576)
(0.0, 0.07462686567164178)
(0.0, 0.07352941176470588)
(0.0, 0.07246376811594203)
(0.0, 0.07142857142857142)
(0.0, 0.07042253521126761)
(0.0, 0.06944444444444445)
(1.0, 0.0821917808219178)
(0.0, 0.08108108108108109)
(0.0, 0.08)
(0.0, 0.07894736842105263)
(0.0, 0.07792207792207792)
(0.0, 0.07692307692307693)
(0.0, 0.0759493670886076)
(0.0, 0.075)
(0.0, 0.07407407407407407)
(0.0, 0.07317073170731707)
(0.0, 0.07228915662650602)
(0.0, 0.07142857142857142)
(1.0, 0.08235294117647059)
(1.0, 0.09302325581395349)
(0, 0.09195402298850575)
(1.0, 0.10227272727272728)
(1.0, 0.11235955056179775)
(1.0, 0.12222222222222222)
(0.0, 0.12087912087912088)
(0.0, 0.11956521739130435)
(0.0, 0.11827956989247312)
(0.0, 0.11702127659574468)
(0.0, 0.11578947368421053)
(0.0, 0.11458333333333333)
(0.0, 0.1134020618556701)
(0.0, 0.11224489795918367)
(0.0, 0.1111111111111111)
(0.0, 0.11)
(1.0, 0.12)
(0, 0.12)
(1.0, 0.13)
(0, 0.13)
(0, 0.13)
(0, 0.13)
(0, 0.13)
(0, 0.13)
(0, 0.13)
(0, 0.13)
(0, 0.13)
(0, 0.13)
(0, 0.13)
(0, 0.13)
(1.0, 0.14)
(0.0, 0.14)
(0.0, 0.14)
(0.0, 0.14)
(0.0, 0.14)
(0.0, 0.14)
(0.0, 0.14)
(0.0, 0.14)
(0.0, 0.14)
(0.0, 0.14)
(0.0, 0.14)
(0.0, 0.14)
(0.0, 0.14)
(0.0, 0.14)
(0.0, 0.14)
(1.0, 0.15)
(1.0, 0.16)
(0.0, 0.16)
(1.0, 0.17)
(1.0, 0.18)
(1.0, 0.19)
(1.0, 0.2)
(1.0, 0.2)
(0.0, 0.19)
(1.0, 0.2)
(1.0, 0.21)
(0.0, 0.21)
(0.0, 0.21)
(0.0, 0.21)
(0.0, 0.2)
(0.0, 0.19)
(0.0, 0.19)
(0.0, 0.19)
(0.0, 0.19)
(0.0, 0.19)
(0.0, 0.18)
(0.0, 0.18)
(0.0, 0.18)
(0.0, 0.18)
(0.0, 0.18)
(1.0, 0.19)
(1.0, 0.2)
(0, 0.2)
(1.0, 0.21)
(1.0, 0.22)
(1.0, 0.23)
(1.0, 0.24)
(1.0, 0.25)
(0.0, 0.25)
(1.0, 0.26)
(0.0, 0.26)
(0.0, 0.26)
(0.0, 0.26)
(0.0, 0.26)
(0.0, 0.26)
(0.0, 0.26)
(0.0, 0.26)
(0.0, 0.26)
(0.0, 0.25)
(0.0, 0.25)
(1.0, 0.26)
(1.0, 0.27)
(1.0, 0.28)
(0, 0.28)
(0, 0.28)
(0, 0.28)
(1.0, 0.29)
(1.0, 0.3)
(1.0, 0.31)
(0.0, 0.31)
(0.0, 0.3)
(0.0, 0.29)
(0.0, 0.29)
(0.0, 0.28)
(0.0, 0.27)
(0.0, 0.26)
(0.0, 0.26)
(0.0, 0.26)
(0.0, 0.26)
(0.0, 0.26)
(1.0, 0.27)
(1.0, 0.28)
(1.0, 0.29)
(0.0, 0.29)
(1.0, 0.3)
(0.0, 0.3)
(1.0, 0.3)
(0.0, 0.3)
(1.0, 0.3)
(1.0, 0.31)
(0.0, 0.31)
(0.0, 0.31)
(1.0, 0.32)
(1.0, 0.33)
(0.0, 0.33)
(1.0, 0.34)
(0.0, 0.34)
(1.0, 0.35)
(0.0, 0.35)
(1.0, 0.36)
(1.0, 0.36)
(0.0, 0.36)
(0, 0.36)
(1.0, 0.37)
(0, 0.37)
(0, 0.37)
(0, 0.37)
(0, 0.37)
(1.0, 0.38)
(1.0, 0.39)
(1.0, 0.4)
(1.0, 0.41)
(0.0, 0.41)
(0.0, 0.41)
(1.0, 0.42)
(1.0, 0.42)
(0.0, 0.41)
(0.0, 0.41)
(0.0, 0.4)
(0.0, 0.39)
(1.0, 0.39)
(1.0, 0.39)
(1.0, 0.39)
(0, 0.39)
(1.0, 0.39)
(1.0, 0.39)
(1.0, 0.4)
(1.0, 0.41)
(1.0, 0.42)
(1.0, 0.43)
(1.0, 0.44)
(1.0, 0.45)
(0.0, 0.45)
(0.0, 0.45)
(0.0, 0.45)
(0.0, 0.45)
(1.0, 0.46)
(1.0, 0.47)
(1.0, 0.48)
(1.0, 0.49)
(1.0, 0.49)
(1.0, 0.49)
(1.0, 0.5)
(1.0, 0.5)
(1.0, 0.5)
(1.0, 0.5)
(0.0, 0.49)
(1.0, 0.49)
(0.0, 0.49)
(1.0, 0.49)
(1.0, 0.5)
(1.0, 0.51)
(1.0, 0.52)
(1.0, 0.53)
(0.0, 0.53)
(1.0, 0.54)
(1.0, 0.55)
(1.0, 0.56)
(0, 0.56)
(1.0, 0.57)
(1.0, 0.57)
(1.0, 0.57)
(1.0, 0.57)
(1.0, 0.58)
(1.0, 0.59)
(1.0, 0.6)
(1.0, 0.6)
(1.0, 0.6)
(0.0, 0.59)
(1.0, 0.6)
(1.0, 0.61)
(1.0, 0.62)
(1.0, 0.63)
(1.0, 0.64)
(1.0, 0.65)
(1.0, 0.66)
(1.0, 0.67)
(1.0, 0.68)
(1.0, 0.69)
(1.0, 0.7)
(1.0, 0.7)
(1.0, 0.7)
(1.0, 0.7)
(1.0, 0.71)
(1.0, 0.71)
(1.0, 0.72)
(1.0, 0.72)
(1.0, 0.73)
(1.0, 0.73)
(1.0, 0.73)
(1.0, 0.74)
(1.0, 0.75)
(1.0, 0.75)
(1.0, 0.75)
(1.0, 0.76)
(1.0, 0.76)
(1.0, 0.77)
(1.0, 0.77)
(1.0, 0.78)
(1.0, 0.78)
(1.0, 0.78)
(1.0, 0.79)
(0.0, 0.79)
(1.0, 0.79)
(1.0, 0.8)
(1.0, 0.81)
(1.0, 0.82)
(1.0, 0.83)
(1.0, 0.83)
(1.0, 0.83)
(1.0, 0.83)
(1.0, 0.83)
(1.0, 0.84)
(1.0, 0.85)
(1.0, 0.85)
(1.0, 0.85)
(1.0, 0.86)
(1.0, 0.87)
(1.0, 0.88)
(1.0, 0.89)
(1.0, 0.89)
(1.0, 0.89)
(0, 0.88)
(1.0, 0.89)
(1.0, 0.89)
(1.0, 0.89)
(1.0, 0.89)
(1.0, 0.89)
(1.0, 0.89)
(1.0, 0.89)
(1.0, 0.89)
(1.0, 0.89)
(1.0, 0.9)
(1.0, 0.91)
(1.0, 0.92)
(1.0, 0.93)
(1.0, 0.93)
(1.0, 0.93)
(1.0, 0.93)
(1.0, 0.93)
(1.0, 0.93)
(1.0, 0.93)
(1.0, 0.93)
(1.0, 0.93)
(1.0, 0.93)
(1.0, 0.93)
(1.0, 0.94)
(1.0, 0.94)
(1.0, 0.95)
(1.0, 0.95)
(1.0, 0.95)
(1.0, 0.95)
(1.0, 0.95)
(1.0, 0.95)
(1.0, 0.96)
(0.0, 0.95)
(1.0, 0.95)
(1.0, 0.95)
(1.0, 0.96)
(1.0, 0.96)
(1.0, 0.96)
(1.0, 0.96)
(1.0, 0.96)
(1.0, 0.96)
(1.0, 0.96)
(1.0, 0.96)
(1.0, 0.96)
(1.0, 0.96)
(1.0, 0.97)
(1.0, 0.97)
(1.0, 0.97)
(1.0, 0.97)
(1.0, 0.97)
(1.0, 0.97)
(1.0, 0.97)
(1.0, 0.97)
(1.0, 0.97)
(1.0, 0.97)
(1.0, 0.97)
(1.0, 0.97)
(1.0, 0.97)
(1.0, 0.97)
(1.0, 0.97)
(1.0, 0.97)
(1.0, 0.97)
(1.0, 0.97)
(1.0, 0.97)
(1.0, 0.97)
(1.0, 0.97)
(1.0, 0.97)
(1.0, 0.97)
(1.0, 0.97)
(1.0, 0.97)
(1.0, 0.97)
(1.0, 0.97)
(1.0, 0.97)
(1.0, 0.97)
(1.0, 0.97)
(1.0, 0.97)
(1.0, 0.97)
(1.0, 0.97)
(1.0, 0.97)
(1.0, 0.98)
(1.0, 0.98)
